<CoordinateSystem> { Z-up } 
  <Group> Armature {
    <Dart> { 1 }
    <Joint> Bone {
      <Transform> {
        <Matrix4> {
          1.0 0.0 0.0 0.0 
          0.0 0.0 -1.1718839406967163 0.0 
          0.0 1.0 0.0 0.0 
          -0.4145238399505615 0.535449743270874 0.20785309374332428 1.0 
        }
      }
    }
    <Joint> Bone.001 {
      <Transform> {
        <Matrix4> {
          1.0 0.0 0.0 0.0 
          0.0 0.0 1.1718838214874268 0.0 
          0.0 -0.9999999403953552 1.3969945200642542e-07 0.0 
          -0.4145238399505615 0.535449743270874 0.20785309374332428 1.0 
        }
      }
      <Joint> Bone.002 {
        <Transform> {
          <Matrix4> {
            -0.21815069019794464 -8.940696716308594e-08 0.9759151339530945 0.0 
            0.9756675362586975 0.022522732615470886 0.21809536218643188 0.0 
            -0.021980270743370056 0.9997464418411255 -0.004913270473480225 0.0 
            0.0 0.14534394443035126 -5.960464477539063e-08 1.0 
          }
        }
        <Joint> Bone.003 {
          <Transform> {
            <Matrix4> {
              0.0051002949476242065 0.9997333288192749 -0.02252250909805298 0.0 
              -0.776943564414978 0.018141042441129684 0.6293087005615234 0.0 
              0.6295493841171265 0.014289038255810738 0.7768290042877197 0.0 
              -3.997111619469251e-08 0.19398380815982819 -2.7939677238464355e-09 1.0 
            }
          }
          <Joint> Bone.004 {
            <Transform> {
              <Matrix4> {
                0.006221890449523926 0.7769387364387512 -0.6295453906059265 0.0 
                -0.9999666810035706 0.008159758523106575 0.0001873834989964962 0.0 
                0.005282511468976736 0.6295231580734253 0.7769635319709778 0.0 
                -9.872774597852185e-09 0.35883474349975586 -1.4901161193847656e-08 1.0 
              }
            }
            <Joint> Bone.006 {
              <Transform> {
                <Matrix4> {
                  0.8217334747314453 -0.56986403465271 0.0030103775206953287 0.0 
                  0.19709990918636322 0.27925002574920654 -0.9397717714309692 0.0 
                  0.5347014665603638 0.7728353142738342 0.34178924560546875 0.0 
                  3.416939620137782e-09 0.16582728922367096 1.9208528101444244e-09 1.0 
                }
              }
              <Joint> Bone.007 {
                <Transform> {
                  <Matrix4> {
                    0.5363439321517944 -0.29191166162490845 -0.7919107675552368 0.0 
                    0.7918005585670471 0.4988842010498047 0.3523721694946289 0.0 
                    0.29221025109291077 -0.8160281777381897 0.49870938062667847 0.0 
                    -1.4617336674405124e-08 0.04853130877017975 0.0 1.0 
                  }
                }
                <Joint> Bone.005 {
                  <Transform> {
                    <Matrix4> {
                      0.9980802536010742 0.05810393765568733 0.021443011239171028 0.0 
                      -0.05928473174571991 0.9964778423309326 0.05930349975824356 0.0 
                      -0.017921721562743187 -0.0604608915746212 0.9980095028877258 0.0 
                      -8.411789309548112e-08 0.11411114782094955 3.3527612686157227e-08 1.0 
                    }
                  }
                  <Joint> Bone.008 {
                    <Transform> {
                      <Matrix4> {
                        -0.06871628761291504 0.9549558758735657 0.28868168592453003 0.0 
                        -0.9534996151924133 0.022250860929489136 -0.30057182908058167 0.0 
                        -0.2934563457965851 -0.2959120273590088 0.9090211391448975 0.0 
                        -6.618039449790558e-09 0.39642810821533203 2.2351741790771484e-08 1.0 
                      }
                    }
                    <Joint> Bone.009 {
                      <Transform> {
                        <Matrix4> {
                          -0.5021232962608337 -0.8265361785888672 -0.25438132882118225 0.0 
                          0.45453178882598877 -0.001992151141166687 -0.8907279372215271 0.0 
                          0.7357122898101807 -0.5628799200057983 0.37668731808662415 0.0 
                          4.750136284314976e-09 0.11365781724452972 -1.862645149230957e-08 1.0 
                        }
                      }
                    }
                  }
                }
              }
            }
          }
        }
      }
    }
  }
